theta0=8499.599649933216
theta1=-0.0214489635917023
